560504
831752917
1091705733
1310163973
2258176373
2502096757
3077722597
3261660917
3626525205
3722643029
4601552213
4989754117
5363974677
5439650709
5920604133
6311327013
6474737733
6546847845
6624083237
6867958277
8461138469
9030626773
10331556645
11662725285
11844011269
13060272565
13065220709
13203622485
13293262597
14025402501
14818376085
14933936565
15034524773
15110899413
15977673189
16436927029
18338704597
18713079861
20259820117
20551714403
20625692949
21567392741
22436831685
22824204021
23285272693
23661578021
23801440421
25057605173
25250579829
25493099477
25925076149
26161391317
26522019829
26971883221
27458552229
28630428677
28681769221
28728707541
28780720565
29186430149
29693293285
29766794581
29945507781
30368717173
30559709205
30730852677
30854259477
30910859445
30985023285
31068341157
31113511349
31142301253
31601828021
32253654789
32429272165
32740158757
33082676357
33243429605
33348710005
33528370437
33750924149
33784756213
34004906597
34228220213
34370960293
34864486421
34978780677
35039570789
35053484277
35084924757
35649776901
36357723557
36397126981
36516574069
36635597797
37020115445
37057801317
37071207237
37676765413
37867054917
38538127621
38614895909
39071994293
39534394837
39795159253
39850850549
39939974949
40116125397
40344655253
40503939461
40580202485
40667528549
40750375797
40842300901
40995460661
41086347381
41119174037
41747242613
41848771093
41913070677
41994049541
42169889861
42247331157
42346112325
42386711925
42451690085
42484001941
42555943909
42876257157
42962251477
42985100789
42988240821
43086769845
43120750613
43125452293
43160590645
44245534180
50036341726
54431896431
65425774467
70185416212
75524516019
80807122996
85915278867
86786028319
88960891139
89005430767
89763775635
95045345891
95059986915
95417548863
97386020511
97489292148
98139931699
98587186350
102240388926
102763489614
104016991924
104290120836
105743040947
107133870259
108111490836
109262876563
109971362350
110900716815
110998016755
112204987871
112487227359
113974377795
114138250563
114139109459
114521647812
114633282548
114948912575
115943695454
117481163683
119478936991
123676925679
123729617907
124292527684
125317629166
126151726611
127161743455
127718162131
127945862484
129982003604
130393322847
130818166591
131041604196
131852883796
132116752463
132326879268
132520957684
132599970180
133330413902
134105120131
134135356212
134422420174
134748854788
135708025967
135986575411
136436534755
136554804484
137005465246
137128174580
137412514543
137454776926
137993236307
138065563955
138508883503
140125825028
140809133583
141623232094
141949220323
142759534591
142858498500
143277446676
143956079571
144353252654
144893648180
145126258735
145143052639
145493255283
145992805299
146011731572
146395332623
146546559923
146731826755
147036928910
147432106804
147791618772
148598726644
148846548868
149358749123
149564266643
149857846260
150301025204
150471692878
151075513283
151128373203
152279867075
152619121870
153092193406
153477540068
153761338371
153884467967
154115461203
154431903027
154554699055
156947131140
157403250756
157587071055
157592111087
158069120259
158541891486
158555514468
158572096574
159279089806
159443260975
159917627188
160650114531
161044159983
161082822579
161152719070
162451549252
162464625828
162601474031
162666775779
162891011043
163322034446
165346192675
166223275567
166437232510
166673511966
167161141071
167506615315
168074392351
168170914927
168256415599
168757499230
169955471791
170424650723
170661881747
170717954051
171267949859
171273532867
171695641503
171819330003
171911039699
173289087358
173293626783
174703467555
174714892479
175011869663
175127512611
175999165087
176094833476
176891221454
177281204676
177441288110
177867832628
178223807470
179106803556
179114748019
179585867220
179668927839
179760919444
180015423476
180268494548
180670664654
180730650371
180770087070
180903525423
181469326179
181978830878
182186990307
182218334895
182231683348
182365567599
182483862467
182719071598
183263535487
183329677683
183615381310
183844513822
184031434467
184384179279
184470604254
184935663956
185419246094
186064080927
186074753044
186110491475
187528828547
187669678174
187733876494
187829331615
188123316884
188204841203
188262933268
188266428419
188566840575
188680411487
188688372771
189125453875
189607074030
189764359699
189921808275
190073069406
190148097359
190554830052
190768509284
190926905567
191084230446
191243945075
191351119075
191890432382
192065787391
192110358495
193298354980
193321808899
193426679907
193450368723
193467843891
193637724483
193963600564
194544790047
195116405043
196114390996
196595210014
196698511219
197073017780
197130792003
197345616756
197590505951
198001563086
198376146659
198464698916
199294823871
199537950628
199635861279
199739971524
199849642414
200450073604
200689169470
200801071247
200892403075
200900885843
201186318286
201289616659
201484332958
201580539476
201789894719
201851858116
202163466015
202261325839
202336819555
202455346510
202489211347
202540644260
202758491139
203386169396
203663238036
203746095838
203786034783
203921788659
204192670206
204394723619
204430086531
204479077347
204508207620
204547694628
204811154451
204874873251
204909546691
205139180996
205613190483
205616925887
205786747582
205795616254
206055971791
206115717891
206305490740
206309448015
206311973230
206561529603
207097677460
207181067044
207442817678
207831702643
207833591294
207911648100
208042434879
208134446446
208476159636
208515007204
208612655812
208802875156
208807286868
208976257139
209166546836
209195151811
209308007843
209465933684
209648718387
209875309251
209951970643
210078347742
210099530739
210140992932
210472465956
210649846463
210722433491
210733671795
210863008707
210991922067
211601936094
211779134659
211957633955
211966915459
211987529263
212001820739
212328268110
212368688067
212437346051
212451104195
212751768591
212874980899
213006131023
213160683092
213252860591
213284546334
213527584878
213620433508
214029268131
214101801215
214202180755
214213085331
214563428179
214711725427
214768866451
215081905123
215127887747
215332100062
215353337342
215354356964
215538292868
215818959134
215881414147
215994098611
216402587502
216625406964
216658109491
216732486078
216927678063
217269027038
217293016691
217319027923
217322013326
217662732510
217714467135
217812500547
217813300932
217814913695
218019684399
218023550607
218189970147
218365858419
218479606958
218505576323
218572206660
218764539230
218772951571
218811577743
219048454991
219112824655
219172596916
219192663070
219208978739
219243495731
219440584111
219519954079
219571167955
219741174227
219752338206
219872581220
220439022927
220509674740
220744605775
220759224691
221270754479
221359120639
221578104479
221691451711
221747601502
221764103630
221876477924
222086037716
222097785039
223110859599
223323102223
223347471124
223359219262
223565533764
223606730068
223630367551
223718502036
223866558559
223875281919
224260220931
224422490692
224623903556
224680999630
225140650479
225521309566
225606716195
225654734308
225843401092
226019429262
226050653054
226181660878
226433350479
226796743364
226934442148
226954910846
227615708478
227971497343
227982109187
228050459486
228147736340
228331811475
228494619758
228606330527
228725787582
228919315855
229210525022
229228729651
229429220927
229563021267
229643411022
229701878814
229863957620
229994876446
230111833614
230117422990
230294017342
230327521812
230438245764
230782206436
230884573998
231009403859
231120796724
231254675603
231293253135
231686665598
231740748335
232002529635
232187914468
232261269603
232359185412
232591398254
232825484142
233077234894
233078172446
233351631918
233591799412
233736318126
233845915518
234211233247
234253013486
234392034692
234445462782
234581391700
234651416126
234673867684
234686034947
234709271518
234752945396
234834882046
234893652004
234914275459
234941624414
235221865428
235354693838
235511451502
235533849727
235555988047
235739344036
235873698596
235883945966
236018156532
236208853694
236296578883
236309315278
236588774079
236664392100
237021507151
237191871396
237371812286
237412445764
237736718180
237783002719
237861602975
237995254606
238150801043
238413201396
238872039263
238950787054
238956760483
239683656196
239710650446
239738935631
240049360227
240130283486
240147256979
240299958436
240581182095
240605447118
240631051534
240707937012
241041145054
241216609438
241462098559
241557060399
241711654692
241739574158
241801648516
241844624623
241982659135
242161255524
242964201603
243073319790
243078912478
243154611903
243308552638
243369796868
243751941854
243830321187
243932878547
244127524671
244414997892
244553230607
244670729710
244802893491
244887536884
244890431892
245049548270
245730364723
246645243619
246659783460
246767272884
246824938639
247237315987
247454321076
247654014878
248055598527
248663920063
248722245027
248742670126
248778994691
248866026158
248878613268
249129554670
249232920719
249393765028
249802336404
250143830692
250443624948
250674930383
251086589327
251967177791
252498044515
252795277086
252966552500
252980937811
253076388958
253079557231
253111879939
253495527167
253530621556
253845210702
254203062403
254313114052
254649005982
255678580831
256051580931
256118459076
256204050068
256240852771
256313267316
256555837747
256571017310
256723646547
257065403540
257148162238
257158593710
257684656340
257777728782
257801850894
258368610351
258477949407
259419414974
259538383150
259677439731
259786687183
260294573299
260377987091
260395492371
260664622259
260666378164
260982181619
261027981876
261508056111
261509084127
261547029380
261682419460
261735558307
262111139411
262231080543
262330954179
262484826046
263253156414
263320684094
263636949427
264004921774
264329098099
264353192719
264530465716
264709106431
264861416099
264947479151
265167513262
265327198660
265463320580
265730611700
265828090670
265959341215
266180462303
266473005812
266505625919
266619067742
266937831406
267476594723
267665784004
267935262702
267953215662
268169627540
268392949198
268665300084
268760804643
268980780643
269019597390
269064182787
269081845396
269089319214
269092110911
269300449518
269328112527
269699603075
269733768564
269950066291
270375425806
270974123075
271583977955
271858292239
271861698003
272398000943
272523495971
272649992894
272651734211
272936609107
273432147950
273650921395
273723988783
273811946015
273823941779
273871116255
273943177812
273991630147
274125798367
274246187539
274457434030
274783917551
274800920767
274900638244
275054161935
275054416367
275055581599
275061050516
275176524222
275341953683
275453881891
275755006644
276314157427
276571843236
276660972030
276753753150
276796613343
276939893379
277047000003
277081127695
277494469172
277518604415
277731133662
278086048356
278313796196
278495414131
278786928707
278908641731
279067996687
279334709091
279342646750
279709073716
280271235380
280463829219
280464337828
280465645454
280759928735
280794764095
280875122159
281012464675
281035594435
281109366452
281409444894
281709277331
281988733476
282231172350
282309519188
282352104644
282517957695
282587962302
282786220995
282820772772
282855473299
282915023167
283012654526
283165781342
283180647939
283393341604
283508640287
283758494718
283801348675
283842580099
283844014927
283899146895
284208103891
284218386367
284225184195
284411298239
284590453332
284816208271
284980806404
285166195182
285220706751
285467514547
285538166062
285697655071
285846512996
285858974350
285894509775
285923353987
285956717231
285957663012
286028939535
286054951108
286315180835
286335672003
286358688943
286538300052
286577355556
286810863443
287044447983
287201857731
287559961924
287719928739
287995194132
288053550036
288192889523
288222446238
288669826415
288779728239
288927708003
289074252291
289236045140
289414437635
289430912046
289471293983
289636790148
289677706084
289681628787
289757677599
289800039518
289901603027
289926395876
289936033742
290001061375
290072797263
290109786051
290255017519
290357061699
290524220323
290618063455
290645016772
290667703935
290702346883
290741523374
290956796755
290968388847
290973158596
291021790531
291201649855
291247304830
291248898430
291283862484
291348886851
291372073246
291700134735
291889590046
291907133123
291920433123
291939659539
291967690052
292041897742
292089465646
292127075923
292227016991
292388866351
292592376979
292608786863
292668127871
292760560740
292811398291
292895332527
292901027251
292906155028
292917277779
292941852131
292951202291
292966419070
292983732083
292987079428
293087372350
293254598431
293287135843
293345841923
293592927203
293687670483
293732898819
293748841220
293817920270
293853659231
293853968436
293872340484
293909512142
293914801407
293961055587
293980673683
294009095027
294043701940
294044770979
294190210419
294205410543
294221946067
294223988787
294408792719
294453161955
294628484911
294773258435
294788568516
294794196451
294828120499
294830774692
294840096675
294958283710
294968127331
295025424275
295042255299
295059828911
295071818035
295107612259
295168757358
295169031182
295184795940
295193823763
295320122484
295350948916
295411096387
295512354884
295541028355
295575918575
295613489775
295641009827
295696604355
295715304515
295759019779
295827092099
295854422911
295881301539
295913883951
295934996110
295968234995
295988592467
296084868723
296113084915
296119104148
296119623364
296123572500
296128809619
296177783518
296179078132
296191960387
296216650095
296247558963
296251703583
296261811491
296268496083
296291169059
296354345987
296411396707
296439432819
296439917358
296491297955
296495783011
296500931475
296508506019
296565012483
296576337267
296579966371
296593103155
296597210707
296600035267
296609932575
296613155619
296614051331
296619645843
296624440755
296637232355
296640349299
296645728675
296652515523
296652974771
296665349332
296665709731
296666219395
296671029539
296672160803
296691523683
296700917235
296707476659
296708621843
296721852067
296734164687
296738539891
296748561299
296755023107
296761404819
296764072099
296764776739
296782505299
296788665107
296818432419
296826064083
296830946675
296840500195
296843907571
296844616515
296844995027
296860527251
296863294292
296863791539
296891021971
296892641891
296898531587
296899527075
296909483075
296949682819
296955285219
297006647764
297028545070
297047139284
297061121759
297170259503
297367955268
297620260766
297900487055
297960564670
297991875310
298109073583
298203806895
298393283038
298398041678
298471267006
298532323119
298725987951
298768375711
298896983348
298975639503
299152268271
299225797860
299236045423
299342871838
299501515620
299860027375
299914485583
300050110927
300214548158
300283989262
300331415054
300396307663
300418952895
300582353439
300589676975
300599417166
300646786174
300648381887
300708716606
300915716463
300919038543
300945644206
300948767742
300957247871
301007012382
301010629615
301025678383
301264838351
301324788735
301335104287
301409478527
301480109791
301734227919
301747944020
301935470383
302109236239
302136588015
302138139263
302147216446
302163105236
302282980495
302304202927
302437049343
302499155908
302500722990
302502301759
302517388974
302724751342
302759896596
302863715887
302881000703
302936241455
302944172383
302960041087
302971712510
303099734479
303112436750
303137799412
303214034276
303231424703
303406062383
303419645556
303467520910
303485933076
303682243871
303767887615
303808993854
303816073310
303936835396
303949726655
303974260014
304001540734
304028807711
304059632943
304094179631
304116219423
304135699060
304137518927
304314077998
304338139230
304343489886
304367205406
304415056228
304549503300
304671695375
304730335727
304731420175
304814233391
304833288239
304845839070
304864351742
304870177615
304996773343
305003456239
305120596751
305226975316
305246935103
305434695583
305440282927
305459069103
305526114047
305537616148
305559312564
305619364516
305620959439
305635081615
305635271087
305649318590
305692780895
305726664815
305774781599
305783792703
305820643167
305824345615
305833102911
305843173519
305878697839
305882976127
305883045919
305889943999
305890212943
305911734111
305913865775
305935751407
305937286991
305942255615
305944089615
305952244863
305959215279
305968329535
305988788495
305994447631
305998384943
306021194703
306025262431
306042227359
306045410319
306058680815
306069250079
306071349535
306075791775
306120512959
306127111743
306133042559
306134132687
306140114591
306144955135
306149048687
306150897455
306161167791
306179377023
306185132847
306201496100
306203864271
306206555023
306214066862
306232186190
306242022335
306244798527
306247660767
306333299876
306641305774
306684553326
306693937572
306738892830
306742237294
306748604500
306872455198
307126583694
307253814286
307610911662
307961791636
307995429838
308011081390
308110225934
308192390254
308285099646
308326831492
308354217188
308433520628
308728894078
308757734542
308822300894
308829799828
308838127844
308842711572
308959158308
309008758388
309166433374
309222458510
309370751092
309519825252
309677665870
309691831732
309722641550
309861795854
309880012718
309928188772
309969213790
310201769646
310215154894
310225782590
310232786004
310234172414
310362765556
310492897166
310494765172
310601419518
310617197636
310631049540
310690524270
310693658830
310765801908
311063754590
311125403694
311244928852
311304674398
311363153998
311381807892
311405334852
311432067774
311473287470
311496733924
311530027502
311673004964
311674178340
311702284590
311740126356
311755634302
311772575982
311818005780
311881550414
311929640404
312046599790
312173924900
312176477812
312209753134
312260268804
312265087966
312279505876
312318425966
312401079710
312425314974
312437834286
312467238654
312514505806
312549521950
312570683710
312603914190
312620708932
312624771902
312644588260
312650269406
312663816132
312672359294
312714793940
312773405940
312786406558
312792341630
312800818766
312810018852
312817691438
312825830814
312832096948
312851476702
312851829166
312892440686
312908784846
312909809502
312911228020
312913304350
312922958158
312928905854
312930785438
312944738286
312956723710
312956805934
312972425902
312975740814
312976613540
312979423214
312985556638
312991110782
312999550548
313008945214
313022483262
313029533054
313059408948
313060290542
313071114116
313071988398
313093722206
313103578206
313111348926
313112244046
313112570654
313129659038
313131777652
313132950382
313148043694
313151568942
313161216126
313184687668
313185262654
313187949566
313196320324
313218994286
313233642270
313237372094
313240693550
313243518494
313559026228
313716932292
313876193700
313908938324
313915330900
314148926452
314211038452
314226585412
314246959156
314312090436
314458446964
314509993860
314524686404
314560647060
314584667812
314596189172
314639101780
314706130484
314755881076
314799468084
314814189748
314834532212
314844287204
314900436852
314915058068
314946472804
314950127252
314977705220
314989017748
314994833700
315003009684
315022495460
315023715124
315025446548
315045218212
315059314020
315067649860
315081206292
315081356196
315083476916
315083885844
315121216420
315122117476
315136985316
315146156132
315148122868
315156347284
315159991524
315161571988
315175061892
315181021796
315183308644
315185287140
315213768084
315217675060
315220356692
315230156708
315230253764
315253903860
315254678660
315254898964
315273157956
315293886612
315322055940
315340281876
